0.0
0.0
0.0
0.0
0.0
0.0
0.0
0.0
0.0
0.0
0.0
0.0005
0.001
0.003
0.0085
0.0045
0.018
0.009
0.0295
0.0345
0.0455
0.0405
0.058
0.066
0.0685
0.065
0.102
0.117
0.1285
0.0945
0.1375
0.141
0.1655
0.1925
0.207
0.2065
0.234
0.256
0.231
0.2225
0.2945
0.28
0.2565
0.29
0.2775
0.278
0.3045
0.285
0.2875
0.355
0.363
0.3605
0.3755
0.354
0.3115
0.3715
0.3895
0.407
0.4315
0.399
0.3825
0.3315
0.4195
0.4275
0.4485
0.381
0.4415
0.362
0.4095
0.408
0.48
0.431
0.3065
0.442
0.519
0.558
0.529
0.4905
0.5075
0.4635
0.329
0.4425
0.4635
0.5315
0.449
0.406
0.49
0.481
0.4325
0.4825
0.4635
0.5285
0.557
0.5345
0.4825
0.4925
0.4235
0.5565
0.425
0.568
0.5025
0.551
0.57
0.556
0.5265
0.5495
0.5465
0.5545
0.4395
0.5245
0.616
0.6495
0.5985
0.569
0.4705
0.573
0.5855
0.622
0.666
0.6445
0.525
0.559
0.6385
0.6115
0.4985
0.588
0.5865
0.6225
0.491
0.6155
0.6485
0.63
0.6305
0.5995
0.5945
0.56
0.647
0.67
0.503
0.5945
0.659
0.498
0.593
0.686
0.713
0.6705
0.604
0.66
0.6015
0.627
0.599
0.6145
0.6755
0.701
0.6975
0.6615
0.691
0.7095
0.661
0.741
0.714
0.6295
0.6555
0.6605
0.655
0.669
0.653
0.5275
0.705
0.6875
0.6345
0.6975
0.7205
0.6955
0.757
0.7575
0.6435
0.7655
0.722
0.722
0.705
0.5315
0.652
0.629
0.6855
0.5955
0.7065
0.7465
0.659
0.6775
0.743
0.7675
0.6905
0.774
0.7525
0.7395
0.766
0.739
0.754
0.762
0.699
0.7405
0.7135
0.725
0.71
0.7175
0.7555
0.7725
0.7365
0.6865
0.7495
0.63
0.7615
0.6985
0.7805
0.7065
0.7035
0.751
0.763
0.7875
0.754
0.778
0.779
0.793
0.7915
0.739
0.809
0.789
0.7145
0.8095
0.701
0.6665
0.7005
0.7935
0.74
0.8245
0.8025
0.767
0.828
0.772
0.788
0.7985
0.7395
0.752
0.7255
0.799
0.777
0.6915
0.7125
0.7285
0.744
0.7415
0.7005
0.7765
0.717
0.711
0.7285
0.795
0.796
0.8115
0.8265
0.796
0.699
0.7295
0.761
0.7985
0.8185
0.8055
0.8275
0.78
0.786
0.819
0.778
0.737
0.7365
0.7935
0.816
0.8055
0.7805
0.7905
0.7565
0.8125
0.805
0.817
0.6985
0.8015
0.7635
0.608
0.7935
0.7915
0.7835
0.7735
0.7725
0.769
0.8395
0.827
0.8195
0.767
0.7605
0.844
0.842
0.8255
0.809
0.839
0.8215
0.768
0.781
0.7885
0.759
0.821
0.8245
0.8215
0.8615
0.862
0.861
0.844
0.8725
0.8395
0.849
0.8315
0.7775
0.801
0.805
0.8375
0.799
0.8495
0.8585
0.833
0.854
0.778
0.8225
0.836
0.889
0.792
0.7995
0.715
0.8165
0.7925
0.7945
0.7475
0.7765
0.8445
0.842
0.859
0.8765
0.8345
0.861
0.872
0.7045
0.815
0.825
0.7975
0.7665
0.816
0.794
0.83
0.8115
0.859
0.846
0.7615
0.5725
0.7565
0.8525
0.8415
0.829
0.8175
0.8515
0.8395
0.878
0.8415
0.8735
0.867
0.8395
0.832
0.8955
0.852
0.832
0.817
0.7795
0.8255
0.8335
0.8475
0.835
0.88
0.9005
0.8715
0.857
0.8635
0.8435
0.8595
0.836
0.841
0.841
0.877
0.8435
0.8165
0.8845
0.886
0.867
0.811
0.8265
0.697
0.849
0.703
0.799
0.854
0.8285
0.855
0.86
0.7685
0.844
0.879
0.8675
0.862
0.8395
0.862
0.879
0.848
0.8735
0.891
0.8935
0.893
0.911
0.918
0.88
0.8465
0.8045
0.897
0.8925
0.883
0.885
0.8555
0.862
0.836
0.8455
0.889
0.8535
0.887
0.9105
0.8345
0.849
0.841
0.897
0.8965
0.8685
0.902
0.9155
0.888
0.871
0.912
0.9095
0.9165
0.8685
0.844
0.904
0.8395
0.886
0.8575
0.884
0.8955
0.9175
0.759
0.769
0.8295
0.869
0.8405
0.865
0.8335
0.844
0.878
0.8275
0.887
0.9045
0.85
0.8055
0.882
0.8635
0.869
0.9085
0.8375
0.831
0.8895
0.8965
0.89
0.744
0.835
0.8845
0.644
0.853
0.888
0.8955
0.8815
0.911
0.921
0.834
0.879
0.8995
0.8655
0.9
0.874
0.8845
0.895
0.8355
0.841
0.856
0.8465
0.832
0.8525
0.7985
0.8075
0.717
0.8165
